Model 0
	Epoch: 0
	Batch: 0
	Loss: 0.8198844194412231
	Accuracy: 0.3225806451612903
	Precision: 0.09523809523809523
	Recall: 0.5

